ret: 0.2927948318039903
mtx_left: [[793.62697765   0.         317.27265663]
 [  0.         799.81163099 230.83667267]
 [  0.           0.           1.        ]]
dist_left: [[ 6.11682403e-02  4.99689942e-01  2.88190376e-03 -1.61937250e-03
  -4.23732409e+00  0.00000000e+00  0.00000000e+00  0.00000000e+00
   0.00000000e+00  0.00000000e+00  0.00000000e+00  0.00000000e+00
   0.00000000e+00  0.00000000e+00]]
mtx_right: [[821.00902721   0.         313.89598332]
 [  0.         819.61032108 258.80741218]
 [  0.           0.           1.        ]]
dist_right: [[-1.36552733e-02 -1.95813555e-01  6.51030430e-04 -4.04639886e-03
   2.20873126e+00  0.00000000e+00  0.00000000e+00  0.00000000e+00
   0.00000000e+00  0.00000000e+00  0.00000000e+00  0.00000000e+00
   0.00000000e+00  0.00000000e+00]]
R: [[ 0.99244637 -0.03350118  0.11801638]
 [ 0.03222739  0.99940005  0.01268572]
 [-0.11837056 -0.00878654  0.99293062]]
T: [[-122.72378165]
 [  -2.41825424]
 [ -19.66316412]]
E: [[   0.91994254   19.67261536   -2.15171729]
 [ -34.04151908   -0.41957784  119.53562456]
 [  -1.5550793  -122.73116837   -1.27144582]]
F: [[-3.12042399e-06 -6.65318530e-05  2.31654926e-02]
 [ 1.15126804e-04  1.41479877e-06 -3.63048046e-01]
 [-2.29423869e-02  3.55744323e-01  1.00000000e+00]]
R1: [[ 0.96166597 -0.01502148  0.27381183]
 [ 0.01405695  0.99988616  0.00548436]
 [-0.27386304 -0.00142517  0.96176765]]
R2: [[ 0.98721942  0.01945301  0.15817519]
 [-0.01889935  0.99980887 -0.00500387]
 [-0.1582423   0.00195051  0.98739838]]
P1: [[809.71097603   0.         102.2462101    0.        ]
 [  0.         809.71097603 243.62452507   0.        ]
 [  0.           0.           1.           0.        ]]
P2: [[ 8.09710976e+02  0.00000000e+00  1.02246210e+02 -1.00657251e+05]
 [ 0.00000000e+00  8.09710976e+02  2.43624525e+02  0.00000000e+00]
 [ 0.00000000e+00  0.00000000e+00  1.00000000e+00  0.00000000e+00]]
Q: [[ 1.00000000e+00  0.00000000e+00  0.00000000e+00 -1.02246210e+02]
 [ 0.00000000e+00  1.00000000e+00  0.00000000e+00 -2.43624525e+02]
 [ 0.00000000e+00  0.00000000e+00  0.00000000e+00  8.09710976e+02]
 [ 0.00000000e+00  0.00000000e+00  8.04423894e-03 -0.00000000e+00]]
roi1: (22, 22, 618, 458)
roi2: (0, 6, 575, 446)
