mtx = 1335.7951258320038, 0.0, 716.47964743904280.0, 1336.6261242810178, 454.770289781399240.0, 0.0, 1.0.
dist = -0.2347549614393225, 0.23003431296127996, -7.914955939344182e-05, -0.0001489697068312401, -0.1457955861583364.
reprojection error = 0.3172596214685277.
